1205086
1205084
1205078
1205088
1208538
1205147
1208365
1205152
1205157
1208975
1208989
1205165
1208990
1209011
1205168
1209013
1209012
1205171
1205105
1205095
1218244
1205103
1217887
1205112
1205122
1205120
1205139
1208962
1212052
1208977
1208976
1208963
1208964
1208993
1205166
1205169
1209014
1205173
1203245
1203250
1203252
1209862
1209861
1209860
1209873
1209874
1203262
1209888
1209891
1209890
1209892
1209893
1203288
1211962
1209049
1203237
1203227
1203232
1203266
1203264
1209875
1203271
1209889
1203284
1211963
1203282
1211964
1203280
1203275
