1210034
1205320
1205330
1205375
1205373
1212268
1205341
1205380
1212247
1212001
1212150
1205324
1210036
1205335
1212236
1205364
1212147
1212094
1205384
1212249
1212149
1205395
1212230
1205421
1215108
1202885
1214715
1214714
1212170
1202921
1215128
1202949
1214752
1202964
1214729
1202977
1214881
1215026
1202872
1214742
1211641
1214713
1202929
1202917
1215129
1214746
1202938
1214727
1202960
1202981
1214734
1214882
1215212
1202993
1203400
1203398
1212841
1212842
1212863
1212862
1212864
1203428
1203426
1212915
1212916
1212901
1212900
1212955
1203468
1203361
1203359
1203387
1203385
1212840
1212839
1212865
1213275
1213274
1212903
1212902
1212957
1213246
1203440
1201989
1211907
1211906
1211939
1202011
1202022
1202024
1209029
1202053
1202065
1202067
1211954
1201991
1201998
1209033
1211908
1202040
1209035
1213624
1213628
1202078
1209037
1202105
1209039
1213742
1202130
1202132
1202158
1202160
1213104
1213106
1213121
1213119
1202186
1202184
1202215
1202213
1213133
1213132
1213755
1213721
1213673
1213710
1218170
1218173
1202246
1202248
1219464
1219461
1202278
1202276
1202288
1202290
1202322
1202320
1202353
1202351
1213090
1213088
1202373
1202371
1202394
1202392
1202422
1202420
1221932
1202449
1221933
1202451