1205320
1205330
1205375
1205341
1205380
1212001
1205324
1205335
1205364
1212094
1205384
1205395
1205421
1202885
1214715
1212170
1202921
1202949
1202964
1202977
1214881
1215026
1202872
1211641
1202929
1202917
1202938
1202960
1202981
1214882
1202993
1203400
1212842
1212863
1203428
1212916
1212901
1212955
1203468
1203361
1203387
1212840
1212865
1213274
1212903
1212957
1203440
1211907
1202011
1202024
1202053
1202067
1211954
1201998
1202040
1213624
1202078
1202105
1213742
1202132
1202160
1213106
1213121
1202186
1202215
1213133
1213721
1213673
1218170
1202248
1219461
1202278
1202290
1202322
1202353
1213088
1202373
1202394
1202422
1221932
1202451